andriy@notebook:~/Projects/com/github/plokhotnyuk/play$ ./wrk -c50 -d1m -t4 -R105000 -L -v http://localhost:9000/json
wrk 4.0.0 [epoll] Copyright (C) 2012 Will Glozer
Running 1m test @ http://localhost:9000/json
  4 threads and 50 connections
  Thread calibration: mean lat.: 1.215ms, rate sampling interval: 10ms
  Thread calibration: mean lat.: 1.217ms, rate sampling interval: 10ms
  Thread calibration: mean lat.: 1.208ms, rate sampling interval: 10ms
  Thread calibration: mean lat.: 1.226ms, rate sampling interval: 10ms
  Thread Stats   Avg      Stdev     Max   +/- Stdev
    Latency     1.24ms    1.08ms  30.91ms   90.40%
    Req/Sec    27.72k     2.58k   47.89k    74.76%
  Latency Distribution (HdrHistogram - Recorded Latency)
 50.000%    1.05ms
 75.000%    1.58ms
 90.000%    2.19ms
 99.000%    4.49ms
 99.900%   13.78ms
 99.990%   20.67ms
 99.999%   27.68ms
100.000%   30.93ms

  Detailed Percentile spectrum:
       Value   Percentile   TotalCount 1/(1-Percentile)

       0.035     0.000000            1         1.00
       0.368     0.100000       525760         1.11
       0.546     0.200000      1049075         1.25
       0.715     0.300000      1574108         1.43
       0.882     0.400000      2100248         1.67
       1.049     0.500000      2623291         2.00
       1.137     0.550000      2886119         2.22
       1.230     0.600000      3146823         2.50
       1.332     0.650000      3408637         2.86
       1.447     0.700000      3671087         3.33
       1.579     0.750000      3932808         4.00
       1.654     0.775000      4065523         4.44
       1.735     0.800000      4195951         5.00
       1.825     0.825000      4326836         5.71
       1.927     0.850000      4457480         6.67
       2.046     0.875000      4588667         8.00
       2.115     0.887500      4655380         8.89
       2.189     0.900000      4719940        10.00
       2.273     0.912500      4785183        11.43
       2.369     0.925000      4850429        13.33
       2.483     0.937500      4916326        16.00
       2.549     0.943750      4949471        17.78
       2.621     0.950000      4981914        20.00
       2.705     0.956250      5014873        22.86
       2.803     0.962500      5047367        26.67
       2.923     0.968750      5079973        32.00
       2.997     0.971875      5096370        35.56
       3.081     0.975000      5112534        40.00
       3.187     0.978125      5129056        45.71
       3.325     0.981250      5145333        53.33
       3.529     0.984375      5161736        64.00
       3.677     0.985938      5169913        71.11
       3.885     0.987500      5178057        80.00
       4.211     0.989062      5186300        91.43
       4.711     0.990625      5194482       106.67
       5.435     0.992188      5202678       128.00
       5.875     0.992969      5206745       142.22
       6.383     0.993750      5210833       160.00
       6.967     0.994531      5214941       182.86
       7.623     0.995313      5219028       213.33
       8.447     0.996094      5223142       256.00
       8.951     0.996484      5225172       284.44
       9.511     0.996875      5227224       320.00
      10.151     0.997266      5229291       365.71
      10.847     0.997656      5231320       426.67
      11.575     0.998047      5233359       512.00
      11.983     0.998242      5234391       568.89
      12.423     0.998437      5235407       640.00
      12.895     0.998633      5236444       731.43
      13.359     0.998828      5237479       853.33
      13.847     0.999023      5238491      1024.00
      14.103     0.999121      5238999      1137.78
      14.375     0.999219      5239511      1280.00
      14.695     0.999316      5240023      1462.86
      15.047     0.999414      5240531      1706.67
      15.471     0.999512      5241048      2048.00
      15.703     0.999561      5241301      2275.56
      15.943     0.999609      5241560      2560.00
      16.191     0.999658      5241810      2925.71
      16.559     0.999707      5242067      3413.33
      16.975     0.999756      5242323      4096.00
      17.279     0.999780      5242449      4551.11
      17.647     0.999805      5242585      5120.00
      18.127     0.999829      5242708      5851.43
      18.687     0.999854      5242835      6826.67
      19.759     0.999878      5242960      8192.00
      20.255     0.999890      5243025      9102.22
      20.799     0.999902      5243089     10240.00
      21.455     0.999915      5243153     11702.86
      22.159     0.999927      5243218     13653.33
      22.671     0.999939      5243281     16384.00
      22.943     0.999945      5243314     18204.44
      23.263     0.999951      5243350     20480.00
      23.663     0.999957      5243376     23405.71
      24.367     0.999963      5243409     27306.67
      24.991     0.999969      5243440     32768.00
      25.343     0.999973      5243457     36408.89
      25.711     0.999976      5243472     40960.00
      26.111     0.999979      5243488     46811.43
      26.447     0.999982      5243504     54613.33
      26.799     0.999985      5243521     65536.00
      27.023     0.999986      5243528     72817.78
      27.343     0.999988      5243536     81920.00
      27.567     0.999989      5243545     93622.86
      27.871     0.999991      5243552    109226.67
      28.095     0.999992      5243560    131072.00
      28.207     0.999993      5243564    145635.56
      28.383     0.999994      5243569    163840.00
      28.495     0.999995      5243572    187245.71
      28.687     0.999995      5243576    218453.33
      28.863     0.999996      5243581    262144.00
      28.991     0.999997      5243582    291271.11
      29.055     0.999997      5243584    327680.00
      29.119     0.999997      5243586    374491.43
      29.311     0.999998      5243588    436906.67
      29.343     0.999998      5243590    524288.00
      29.375     0.999998      5243591    582542.22
      29.583     0.999998      5243592    655360.00
      29.615     0.999999      5243593    748982.86
      29.647     0.999999      5243594    873813.33
      29.663     0.999999      5243595   1048576.00
      29.935     0.999999      5243596   1165084.44
      29.935     0.999999      5243596   1310720.00
      29.951     0.999999      5243597   1497965.71
      29.951     0.999999      5243597   1747626.67
      30.255     1.000000      5243598   2097152.00
      30.255     1.000000      5243598   2330168.89
      30.255     1.000000      5243598   2621440.00
      30.591     1.000000      5243599   2995931.43
      30.591     1.000000      5243599   3495253.33
      30.591     1.000000      5243599   4194304.00
      30.591     1.000000      5243599   4660337.78
      30.591     1.000000      5243599   5242880.00
      30.927     1.000000      5243600   5991862.86
      30.927     1.000000      5243600          inf
#[Mean    =        1.237, StdDeviation   =        1.077]
#[Max     =       30.912, Total count    =      5243600]
#[Buckets =           27, SubBuckets     =         2048]
----------------------------------------------------------
  6296859 requests in 1.00m, 2.30GB read
Requests/sec: 104948.68
Transfer/sec:     39.33MB
