andriy@notebook:~/Projects/com/github/plokhotnyuk/play$ ./wrk -c50 -d1m -t4 -R60000 -L -v -s src/test/lua/plaintextPost.lua http://localhost:9000/plaintext
wrk 4.0.0 [epoll] Copyright (C) 2012 Will Glozer
Running 1m test @ http://localhost:9000/plaintext
  4 threads and 50 connections
  Thread calibration: mean lat.: 1.436ms, rate sampling interval: 10ms
  Thread calibration: mean lat.: 1.459ms, rate sampling interval: 10ms
  Thread calibration: mean lat.: 1.475ms, rate sampling interval: 10ms
  Thread calibration: mean lat.: 1.438ms, rate sampling interval: 10ms
  Thread Stats   Avg      Stdev     Max   +/- Stdev
    Latency     1.59ms    1.54ms  33.89ms   93.13%
    Req/Sec    15.83k     1.78k   26.78k    80.24%
  Latency Distribution (HdrHistogram - Recorded Latency)
 50.000%    1.22ms
 75.000%    1.79ms
 90.000%    2.61ms
 99.000%    8.87ms
 99.900%   14.87ms
 99.990%   22.19ms
 99.999%   31.81ms
100.000%   33.92ms

  Detailed Percentile spectrum:
       Value   Percentile   TotalCount 1/(1-Percentile)

       0.080     0.000000            1         1.00
       0.551     0.100000       300473         1.11
       0.733     0.200000       599327         1.25
       0.894     0.300000       898971         1.43
       1.055     0.400000      1199841         1.67
       1.224     0.500000      1498531         2.00
       1.315     0.550000      1649491         2.22
       1.411     0.600000      1797945         2.50
       1.519     0.650000      1948782         2.86
       1.643     0.700000      2098326         3.33
       1.791     0.750000      2247734         4.00
       1.878     0.775000      2322603         4.44
       1.976     0.800000      2397355         5.00
       2.089     0.825000      2472754         5.71
       2.219     0.850000      2547016         6.67
       2.385     0.875000      2622246         8.00
       2.489     0.887500      2659660         8.89
       2.613     0.900000      2696795        10.00
       2.771     0.912500      2734530        11.43
       2.983     0.925000      2771707        13.33
       3.307     0.937500      2809208        16.00
       3.545     0.943750      2827856        17.78
       3.861     0.950000      2846559        20.00
       4.283     0.956250      2865357        22.86
       4.799     0.962500      2884021        26.67
       5.411     0.968750      2902736        32.00
       5.759     0.971875      2912094        35.56
       6.143     0.975000      2921527        40.00
       6.551     0.978125      2930818        45.71
       7.031     0.981250      2940223        53.33
       7.579     0.984375      2949596        64.00
       7.887     0.985938      2954223        71.11
       8.239     0.987500      2958994        80.00
       8.631     0.989062      2963645        91.43
       9.039     0.990625      2968282       106.67
       9.503     0.992188      2972997       128.00
       9.751     0.992969      2975285       142.22
      10.031     0.993750      2977676       160.00
      10.359     0.994531      2980014       182.86
      10.751     0.995313      2982316       213.33
      11.255     0.996094      2984676       256.00
      11.535     0.996484      2985825       284.44
      11.895     0.996875      2987012       320.00
      12.271     0.997266      2988161       365.71
      12.711     0.997656      2989333       426.67
      13.191     0.998047      2990505       512.00
      13.479     0.998242      2991087       568.89
      13.791     0.998437      2991683       640.00
      14.127     0.998633      2992261       731.43
      14.495     0.998828      2992848       853.33
      14.927     0.999023      2993431      1024.00
      15.151     0.999121      2993730      1137.78
      15.391     0.999219      2994017      1280.00
      15.695     0.999316      2994313      1462.86
      16.119     0.999414      2994602      1706.67
      16.623     0.999512      2994901      2048.00
      16.943     0.999561      2995042      2275.56
      17.247     0.999609      2995184      2560.00
      17.615     0.999658      2995332      2925.71
      18.047     0.999707      2995480      3413.33
      18.543     0.999756      2995624      4096.00
      18.863     0.999780      2995698      4551.11
      19.215     0.999805      2995768      5120.00
      19.615     0.999829      2995842      5851.43
      20.207     0.999854      2995918      6826.67
      20.991     0.999878      2995988      8192.00
      21.551     0.999890      2996025      9102.22
      22.415     0.999902      2996061     10240.00
      23.999     0.999915      2996097     11702.86
      25.951     0.999927      2996134     13653.33
      27.119     0.999939      2996171     16384.00
      28.287     0.999945      2996189     18204.44
      28.911     0.999951      2996207     20480.00
      29.423     0.999957      2996226     23405.71
      30.079     0.999963      2996244     27306.67
      30.447     0.999969      2996262     32768.00
      30.639     0.999973      2996271     36408.89
      30.831     0.999976      2996280     40960.00
      31.071     0.999979      2996289     46811.43
      31.391     0.999982      2996299     54613.33
      31.583     0.999985      2996310     65536.00
      31.631     0.999986      2996312     72817.78
      31.711     0.999988      2996317     81920.00
      31.791     0.999989      2996321     93622.86
      31.839     0.999991      2996329    109226.67
      31.855     0.999992      2996331    131072.00
      32.015     0.999993      2996334    145635.56
      32.191     0.999994      2996335    163840.00
      32.319     0.999995      2996337    187245.71
      32.431     0.999995      2996341    218453.33
      32.623     0.999996      2996342    262144.00
      32.687     0.999997      2996343    291271.11
      32.799     0.999997      2996344    327680.00
      33.023     0.999997      2996345    374491.43
      33.343     0.999998      2996347    436906.67
      33.471     0.999998      2996348    524288.00
      33.471     0.999998      2996348    582542.22
      33.599     0.999998      2996349    655360.00
      33.599     0.999999      2996349    748982.86
      33.727     0.999999      2996351    873813.33
      33.727     0.999999      2996351   1048576.00
      33.727     0.999999      2996351   1165084.44
      33.727     0.999999      2996351   1310720.00
      33.727     0.999999      2996351   1497965.71
      33.791     0.999999      2996352   1747626.67
      33.791     1.000000      2996352   2097152.00
      33.791     1.000000      2996352   2330168.89
      33.791     1.000000      2996352   2621440.00
      33.791     1.000000      2996352   2995931.43
      33.919     1.000000      2996353   3495253.33
      33.919     1.000000      2996353          inf
#[Mean    =        1.586, StdDeviation   =        1.539]
#[Max     =       33.888, Total count    =      2996353]
#[Buckets =           27, SubBuckets     =         2048]
----------------------------------------------------------
  3598272 requests in 1.00m, 1.30GB read
Requests/sec:  59971.62
Transfer/sec:     22.19MB
