10:44:16 {master} ~/Projects/com/github/plokhotnyuk/play$ wrk -c50 -d2m -t2 -R10000 -L -v -s src/test/lua/jsonPost.lua http://localhost:9000/json
wrk 4.0.0 [epoll] Copyright (C) 2012 Will Glozer
Running 2m test @ http://localhost:9000/json
  2 threads and 50 connections
  Thread calibration: mean lat.: 6.628ms, rate sampling interval: 13ms
  Thread calibration: mean lat.: 7.078ms, rate sampling interval: 13ms
  Thread Stats   Avg      Stdev     Max   +/- Stdev
    Latency     4.49ms    1.54ms  31.06ms   81.30%
    Req/Sec     5.20k   696.74     7.42k    63.07%
  Latency Distribution (HdrHistogram - Recorded Latency)
 50.000%    4.48ms
 75.000%    5.13ms
 90.000%    5.87ms
 99.000%    9.28ms
 99.900%   15.88ms
 99.990%   22.59ms
 99.999%   25.30ms
100.000%   31.07ms

  Detailed Percentile spectrum:
       Value   Percentile   TotalCount 1/(1-Percentile)

       0.217     0.000000            2         1.00
       2.871     0.100000       109943         1.11
       3.793     0.200000       219987         1.25
       4.057     0.300000       330260         1.43
       4.271     0.400000       440629         1.67
       4.483     0.500000       551241         2.00
       4.591     0.550000       605435         2.22
       4.715     0.600000       659380         2.50
       4.847     0.650000       715861         2.86
       4.975     0.700000       769502         3.33
       5.127     0.750000       824083         4.00
       5.211     0.775000       852835         4.44
       5.299     0.800000       879673         5.00
       5.399     0.825000       906475         5.71
       5.523     0.850000       934261         6.67
       5.675     0.875000       961477         8.00
       5.767     0.887500       975569         8.89
       5.867     0.900000       988960        10.00
       5.991     0.912500      1002672        11.43
       6.143     0.925000      1016629        13.33
       6.323     0.937500      1030075        16.00
       6.439     0.943750      1037018        17.78
       6.575     0.950000      1043896        20.00
       6.739     0.956250      1050652        22.86
       6.947     0.962500      1057595        26.67
       7.211     0.968750      1064483        32.00
       7.367     0.971875      1067831        35.56
       7.555     0.975000      1071299        40.00
       7.787     0.978125      1074736        45.71
       8.055     0.981250      1078168        53.33
       8.383     0.984375      1081590        64.00
       8.583     0.985938      1083304        71.11
       8.807     0.987500      1085018        80.00
       9.079     0.989062      1086721        91.43
       9.407     0.990625      1088425       106.67
       9.799     0.992188      1090147       128.00
      10.063     0.992969      1091007       142.22
      10.343     0.993750      1091857       160.00
      10.687     0.994531      1092716       182.86
      11.087     0.995313      1093569       213.33
      11.567     0.996094      1094439       256.00
      11.815     0.996484      1094865       284.44
      12.095     0.996875      1095289       320.00
      12.455     0.997266      1095715       365.71
      12.911     0.997656      1096153       426.67
      13.447     0.998047      1096575       512.00
      13.743     0.998242      1096791       568.89
      14.143     0.998437      1097009       640.00
      14.615     0.998633      1097217       731.43
      15.239     0.998828      1097433       853.33
      15.967     0.999023      1097647      1024.00
      16.463     0.999121      1097756      1137.78
      16.911     0.999219      1097864      1280.00
      17.407     0.999316      1097970      1462.86
      17.983     0.999414      1098077      1706.67
      18.895     0.999512      1098184      2048.00
      19.487     0.999561      1098240      2275.56
      19.903     0.999609      1098290      2560.00
      20.367     0.999658      1098344      2925.71
      20.831     0.999707      1098398      3413.33
      21.295     0.999756      1098453      4096.00
      21.535     0.999780      1098479      4551.11
      21.807     0.999805      1098505      5120.00
      22.063     0.999829      1098534      5851.43
      22.255     0.999854      1098562      6826.67
      22.367     0.999878      1098585      8192.00
      22.479     0.999890      1098601      9102.22
      22.639     0.999902      1098612     10240.00
      22.751     0.999915      1098626     11702.86
      22.863     0.999927      1098640     13653.33
      23.023     0.999939      1098653     16384.00
      23.135     0.999945      1098659     18204.44
      23.263     0.999951      1098666     20480.00
      23.743     0.999957      1098673     23405.71
      23.967     0.999963      1098679     27306.67
      24.319     0.999969      1098686     32768.00
      24.383     0.999973      1098689     36408.89
      24.559     0.999976      1098693     40960.00
      24.639     0.999979      1098696     46811.43
      24.863     0.999982      1098699     54613.33
      25.071     0.999985      1098703     65536.00
      25.135     0.999986      1098705     72817.78
      25.263     0.999988      1098706     81920.00
      25.295     0.999989      1098708     93622.86
      25.407     0.999991      1098709    109226.67
      25.791     0.999992      1098711    131072.00
      25.919     0.999993      1098712    145635.56
      26.319     0.999994      1098713    163840.00
      27.823     0.999995      1098714    187245.71
      27.823     0.999995      1098714    218453.33
      27.999     0.999996      1098715    262144.00
      29.375     0.999997      1098716    291271.11
      29.375     0.999997      1098716    327680.00
      29.791     0.999997      1098717    374491.43
      29.791     0.999998      1098717    436906.67
      29.791     0.999998      1098717    524288.00
      30.367     0.999998      1098718    582542.22
      30.367     0.999998      1098718    655360.00
      30.367     0.999999      1098718    748982.86
      30.367     0.999999      1098718    873813.33
      30.367     0.999999      1098718   1048576.00
      31.071     0.999999      1098719   1165084.44
      31.071     1.000000      1098719          inf
#[Mean    =        4.493, StdDeviation   =        1.538]
#[Max     =       31.056, Total count    =      1098719]
#[Buckets =           27, SubBuckets     =         2048]
----------------------------------------------------------
  1199359 requests in 2.00m, 154.41MB read
Requests/sec:   9994.68
Transfer/sec:      1.29MB
10:46:23 {master} ~/Projects/com/github/plokhotnyuk/play$ wrk -c50 -d2m -t2 -R10000 -L -v -s src/test/lua/plaintextPost.lua http://localhost:9000/plaintext
wrk 4.0.0 [epoll] Copyright (C) 2012 Will Glozer
Running 2m test @ http://localhost:9000/plaintext
  2 threads and 50 connections
  Thread calibration: mean lat.: 4.452ms, rate sampling interval: 11ms
  Thread calibration: mean lat.: 4.331ms, rate sampling interval: 11ms
  Thread Stats   Avg      Stdev     Max   +/- Stdev
    Latency     4.25ms    1.48ms  45.92ms   80.08%
    Req/Sec     5.25k   773.79     8.30k    71.32%
  Latency Distribution (HdrHistogram - Recorded Latency)
 50.000%    4.23ms
 75.000%    4.93ms
 90.000%    5.76ms
 99.000%    8.38ms
 99.900%   14.22ms
 99.990%   26.75ms
 99.999%   33.89ms
100.000%   45.95ms

  Detailed Percentile spectrum:
       Value   Percentile   TotalCount 1/(1-Percentile)

       0.218     0.000000            1         1.00
       2.805     0.100000       109918         1.11
       3.421     0.200000       220272         1.25
       3.727     0.300000       329749         1.43
       3.987     0.400000       440290         1.67
       4.227     0.500000       550099         2.00
       4.351     0.550000       605292         2.22
       4.479     0.600000       660045         2.50
       4.615     0.650000       715238         2.86
       4.759     0.700000       769331         3.33
       4.927     0.750000       825185         4.00
       5.023     0.775000       851983         4.44
       5.131     0.800000       879575         5.00
       5.251     0.825000       907181         5.71
       5.391     0.850000       934240         6.67
       5.555     0.875000       961628         8.00
       5.651     0.887500       975408         8.89
       5.755     0.900000       988930        10.00
       5.883     0.912500      1002950        11.43
       6.035     0.925000      1016551        13.33
       6.203     0.937500      1030165        16.00
       6.307     0.943750      1037157        17.78
       6.419     0.950000      1043847        20.00
       6.555     0.956250      1050777        22.86
       6.719     0.962500      1057531        26.67
       6.919     0.968750      1064475        32.00
       7.035     0.971875      1067834        35.56
       7.179     0.975000      1071347        40.00
       7.339     0.978125      1074712        45.71
       7.527     0.981250      1078159        53.33
       7.759     0.984375      1081558        64.00
       7.903     0.985938      1083317        71.11
       8.055     0.987500      1084988        80.00
       8.255     0.989062      1086751        91.43
       8.495     0.990625      1088467       106.67
       8.791     0.992188      1090153       128.00
       8.975     0.992969      1091021       142.22
       9.183     0.993750      1091872       160.00
       9.423     0.994531      1092715       182.86
       9.743     0.995313      1093586       213.33
      10.175     0.996094      1094439       256.00
      10.455     0.996484      1094864       284.44
      10.783     0.996875      1095291       320.00
      11.183     0.997266      1095720       365.71
      11.671     0.997656      1096148       426.67
      12.303     0.998047      1096578       512.00
      12.631     0.998242      1096794       568.89
      12.975     0.998437      1097007       640.00
      13.335     0.998633      1097222       731.43
      13.743     0.998828      1097435       853.33
      14.319     0.999023      1097651      1024.00
      14.663     0.999121      1097759      1137.78
      14.959     0.999219      1097864      1280.00
      15.439     0.999316      1097971      1462.86
      15.927     0.999414      1098081      1706.67
      16.335     0.999512      1098186      2048.00
      16.655     0.999561      1098243      2275.56
      16.959     0.999609      1098293      2560.00
      17.439     0.999658      1098347      2925.71
      18.127     0.999707      1098401      3413.33
      19.551     0.999756      1098454      4096.00
      20.303     0.999780      1098481      4551.11
      21.327     0.999805      1098508      5120.00
      23.007     0.999829      1098535      5851.43
      24.511     0.999854      1098562      6826.67
      26.015     0.999878      1098588      8192.00
      26.559     0.999890      1098602      9102.22
      26.863     0.999902      1098615     10240.00
      27.647     0.999915      1098630     11702.86
      28.319     0.999927      1098642     13653.33
      28.799     0.999939      1098655     16384.00
      29.119     0.999945      1098662     18204.44
      30.031     0.999951      1098669     20480.00
      30.575     0.999957      1098676     23405.71
      31.247     0.999963      1098682     27306.67
      31.503     0.999969      1098689     32768.00
      31.711     0.999973      1098692     36408.89
      32.191     0.999976      1098696     40960.00
      32.559     0.999979      1098699     46811.43
      32.927     0.999982      1098702     54613.33
      33.279     0.999985      1098706     65536.00
      33.343     0.999986      1098707     72817.78
      33.375     0.999988      1098709     81920.00
      33.887     0.999989      1098711     93622.86
      33.919     0.999991      1098712    109226.67
      34.655     0.999992      1098714    131072.00
      36.127     0.999993      1098715    145635.56
      37.983     0.999994      1098716    163840.00
      39.071     0.999995      1098717    187245.71
      39.071     0.999995      1098717    218453.33
      41.119     0.999996      1098718    262144.00
      41.823     0.999997      1098719    291271.11
      41.823     0.999997      1098719    327680.00
      42.847     0.999997      1098720    374491.43
      42.847     0.999998      1098720    436906.67
      42.847     0.999998      1098720    524288.00
      43.807     0.999998      1098721    582542.22
      43.807     0.999998      1098721    655360.00
      43.807     0.999999      1098721    748982.86
      43.807     0.999999      1098721    873813.33
      43.807     0.999999      1098721   1048576.00
      45.951     0.999999      1098722   1165084.44
      45.951     1.000000      1098722          inf
#[Mean    =        4.251, StdDeviation   =        1.485]
#[Max     =       45.920, Total count    =      1098722]
#[Buckets =           27, SubBuckets     =         2048]
----------------------------------------------------------
  1199374 requests in 2.00m, 148.70MB read
Requests/sec:   9994.79
Transfer/sec:      1.24MB
10:49:36 {master} ~/Projects/com/github/plokhotnyuk/play$ wrk -c50 -d2m -t2 -R55000 -L -v http://localhost:9000/json
wrk 4.0.0 [epoll] Copyright (C) 2012 Will Glozer
Running 2m test @ http://localhost:9000/json
  2 threads and 50 connections
  Thread calibration: mean lat.: 136.803ms, rate sampling interval: 401ms
  Thread calibration: mean lat.: 140.598ms, rate sampling interval: 413ms
  Thread Stats   Avg      Stdev     Max   +/- Stdev
    Latency   485.05ms  231.41ms   1.46s    78.90%
    Req/Sec    27.31k     1.28k   29.27k    52.41%
  Latency Distribution (HdrHistogram - Recorded Latency)
 50.000%  421.89ms
 75.000%  602.11ms
 90.000%  742.91ms
 99.000%    1.28s
 99.900%    1.41s
 99.990%    1.44s
 99.999%    1.45s
100.000%    1.46s

  Detailed Percentile spectrum:
       Value   Percentile   TotalCount 1/(1-Percentile)

      81.087     0.000000            1         1.00
     257.279     0.100000       599994         1.11
     305.919     0.200000      1200538         1.25
     342.527     0.300000      1799747         1.43
     379.903     0.400000      2401113         1.67
     421.887     0.500000      3000181         2.00
     447.999     0.550000      3299227         2.22
     480.767     0.600000      3597829         2.50
     516.607     0.650000      3897926         2.86
     563.199     0.700000      4197492         3.33
     602.111     0.750000      4496686         4.00
     625.151     0.775000      4645733         4.44
     644.095     0.800000      4799026         5.00
     659.967     0.825000      4950003         5.71
     678.399     0.850000      5098350         6.67
     707.071     0.875000      5246865         8.00
     723.967     0.887500      5321455         8.89
     742.911     0.900000      5396109        10.00
     779.775     0.912500      5469913        11.43
     841.727     0.925000      5545092        13.33
     893.951     0.937500      5619819        16.00
     923.135     0.943750      5657446        17.78
     961.023     0.950000      5694760        20.00
    1025.535     0.956250      5732122        22.86
    1057.791     0.962500      5769714        26.67
    1122.303     0.968750      5806926        32.00
    1171.455     0.971875      5825597        35.56
    1208.319     0.975000      5844729        40.00
    1233.919     0.978125      5863656        45.71
    1248.255     0.981250      5882530        53.33
    1259.519     0.984375      5901325        64.00
    1265.663     0.985938      5911466        71.11
    1270.783     0.987500      5919276        80.00
    1277.951     0.989062      5929610        91.43
    1286.143     0.990625      5938198       106.67
    1301.503     0.992188      5947727       128.00
    1310.719     0.992969      5952361       142.22
    1320.959     0.993750      5956799       160.00
    1332.223     0.994531      5961601       182.86
    1345.535     0.995313      5966188       213.33
    1359.871     0.996094      5970804       256.00
    1367.039     0.996484      5973110       284.44
    1374.207     0.996875      5975606       320.00
    1380.351     0.997266      5978024       365.71
    1386.495     0.997656      5980192       426.67
    1393.663     0.998047      5982816       512.00
    1396.735     0.998242      5983947       568.89
    1398.783     0.998437      5984887       640.00
    1402.879     0.998633      5986233       731.43
    1405.951     0.998828      5987153       853.33
    1410.047     0.999023      5988564      1024.00
    1411.071     0.999121      5988898      1137.78
    1414.143     0.999219      5989634      1280.00
    1416.191     0.999316      5990112      1462.86
    1419.263     0.999414      5990850      1706.67
    1421.311     0.999512      5991240      2048.00
    1423.359     0.999561      5991569      2275.56
    1425.407     0.999609      5991903      2560.00
    1427.455     0.999658      5992199      2925.71
    1429.503     0.999707      5992486      3413.33
    1431.551     0.999756      5992771      4096.00
    1432.575     0.999780      5992907      4551.11
    1433.599     0.999805      5993026      5120.00
    1434.623     0.999829      5993139      5851.43
    1436.671     0.999854      5993346      6826.67
    1437.695     0.999878      5993438      8192.00
    1438.719     0.999890      5993522      9102.22
    1439.743     0.999902      5993592     10240.00
    1440.767     0.999915      5993682     11702.86
    1441.791     0.999927      5993761     13653.33
    1442.815     0.999939      5993831     16384.00
    1442.815     0.999945      5993831     18204.44
    1443.839     0.999951      5993900     20480.00
    1443.839     0.999957      5993900     23405.71
    1444.863     0.999963      5993957     27306.67
    1445.887     0.999969      5993995     32768.00
    1445.887     0.999973      5993995     36408.89
    1446.911     0.999976      5994028     40960.00
    1446.911     0.999979      5994028     46811.43
    1447.935     0.999982      5994045     54613.33
    1448.959     0.999985      5994058     65536.00
    1449.983     0.999986      5994073     72817.78
    1449.983     0.999988      5994073     81920.00
    1451.007     0.999989      5994088     93622.86
    1451.007     0.999991      5994088    109226.67
    1452.031     0.999992      5994100    131072.00
    1453.055     0.999993      5994114    145635.56
    1453.055     0.999994      5994114    163840.00
    1453.055     0.999995      5994114    187245.71
    1454.079     0.999995      5994128    218453.33
    1454.079     0.999996      5994128    262144.00
    1454.079     0.999997      5994128    291271.11
    1454.079     0.999997      5994128    327680.00
    1454.079     0.999997      5994128    374491.43
    1455.103     0.999998      5994139    436906.67
    1455.103     0.999998      5994139    524288.00
    1455.103     0.999998      5994139    582542.22
    1455.103     0.999998      5994139    655360.00
    1455.103     0.999999      5994139    748982.86
    1455.103     0.999999      5994139    873813.33
    1455.103     0.999999      5994139   1048576.00
    1455.103     0.999999      5994139   1165084.44
    1455.103     0.999999      5994139   1310720.00
    1455.103     0.999999      5994139   1497965.71
    1455.103     0.999999      5994139   1747626.67
    1456.127     1.000000      5994142   2097152.00
    1456.127     1.000000      5994142          inf
#[Mean    =      485.055, StdDeviation   =      231.406]
#[Max     =     1455.104, Total count    =      5994142]
#[Buckets =           27, SubBuckets     =         2048]
----------------------------------------------------------
  6536168 requests in 2.00m, 841.51MB read
Requests/sec:  54468.27
Transfer/sec:      7.01MB
10:51:59 {master} ~/Projects/com/github/plokhotnyuk/play$ wrk -c50 -d2m -t2 -R55000 -L -v http://localhost:9000/plaintext
wrk 4.0.0 [epoll] Copyright (C) 2012 Will Glozer
Running 2m test @ http://localhost:9000/plaintext
  2 threads and 50 connections
  Thread calibration: mean lat.: 50.426ms, rate sampling interval: 189ms
  Thread calibration: mean lat.: 52.701ms, rate sampling interval: 222ms
  Thread Stats   Avg      Stdev     Max   +/- Stdev
    Latency   556.98ms  211.89ms   1.04s    64.60%
    Req/Sec    27.37k     0.88k   30.50k    68.47%
  Latency Distribution (HdrHistogram - Recorded Latency)
 50.000%  564.22ms
 75.000%  731.14ms
 90.000%  815.61ms
 99.000%  951.29ms
 99.900%    1.01s
 99.990%    1.03s
 99.999%    1.04s
100.000%    1.04s

  Detailed Percentile spectrum:
       Value   Percentile   TotalCount 1/(1-Percentile)

      81.791     0.000000            1         1.00
     244.991     0.100000       600629         1.11
     367.615     0.200000      1201376         1.25
     451.071     0.300000      1801719         1.43
     500.991     0.400000      2401366         1.67
     564.223     0.500000      3003084         2.00
     600.063     0.550000      3300753         2.22
     632.831     0.600000      3602485         2.50
     665.087     0.650000      3903916         2.86
     697.343     0.700000      4202814         3.33
     731.135     0.750000      4504875         4.00
     743.935     0.775000      4655408         4.44
     755.711     0.800000      4805683         5.00
     767.487     0.825000      4952300         5.71
     780.799     0.850000      5102501         6.67
     795.135     0.875000      5251982         8.00
     803.839     0.887500      5328057         8.89
     815.615     0.900000      5401824        10.00
     834.559     0.912500      5477127        11.43
     855.551     0.925000      5552714        13.33
     874.495     0.937500      5627820        16.00
     885.247     0.943750      5665226        17.78
     895.487     0.950000      5702425        20.00
     904.191     0.956250      5739764        22.86
     911.871     0.962500      5779028        26.67
     918.527     0.968750      5815612        32.00
     922.111     0.971875      5834673        35.56
     926.207     0.975000      5853047        40.00
     929.791     0.978125      5869995        45.71
     934.399     0.981250      5889360        53.33
     939.519     0.984375      5908906        64.00
     942.079     0.985938      5917485        71.11
     945.151     0.987500      5926629        80.00
     948.735     0.989062      5936375        91.43
     952.831     0.990625      5945521       106.67
     956.415     0.992188      5954837       128.00
     957.951     0.992969      5959312       142.22
     959.999     0.993750      5963695       160.00
     963.071     0.994531      5968935       182.86
     967.167     0.995313      5973503       213.33
     971.263     0.996094      5978203       256.00
     973.311     0.996484      5980126       284.44
     975.359     0.996875      5982597       320.00
     977.407     0.997266      5984929       365.71
     980.479     0.997656      5987293       426.67
     985.087     0.998047      5989494       512.00
     988.159     0.998242      5990636       568.89
     993.279     0.998437      5991878       640.00
     997.375     0.998633      5992978       731.43
    1001.983     0.998828      5994258       853.33
    1006.079     0.999023      5995345      1024.00
    1009.151     0.999121      5995896      1137.78
    1011.711     0.999219      5996687      1280.00
    1012.735     0.999316      5997114      1462.86
    1015.295     0.999414      5997737      1706.67
    1018.879     0.999512      5998231      2048.00
    1021.439     0.999561      5998585      2275.56
    1022.975     0.999609      5998820      2560.00
    1024.511     0.999658      5999100      2925.71
    1026.559     0.999707      5999414      3413.33
    1028.607     0.999756      5999680      4096.00
    1030.143     0.999780      5999833      4551.11
    1031.167     0.999805      5999987      5120.00
    1032.703     0.999829      6000233      5851.43
    1033.215     0.999854      6000438      6826.67
    1033.215     0.999878      6000438      8192.00
    1033.727     0.999890      6000587      9102.22
    1033.727     0.999902      6000587     10240.00
    1034.239     0.999915      6000706     11702.86
    1034.239     0.999927      6000706     13653.33
    1035.263     0.999939      6000825     16384.00
    1035.263     0.999945      6000825     18204.44
    1035.775     0.999951      6000896     20480.00
    1035.775     0.999957      6000896     23405.71
    1036.287     0.999963      6000993     27306.67
    1036.287     0.999969      6000993     32768.00
    1036.287     0.999973      6000993     36408.89
    1036.799     0.999976      6001056     40960.00
    1036.799     0.999979      6001056     46811.43
    1036.799     0.999982      6001056     54613.33
    1036.799     0.999985      6001056     65536.00
    1037.311     0.999986      6001136     72817.78
    1037.311     0.999988      6001136     81920.00
    1037.311     0.999989      6001136     93622.86
    1037.311     0.999991      6001136    109226.67
    1037.311     0.999992      6001136    131072.00
    1037.311     0.999993      6001136    145635.56
    1037.311     0.999994      6001136    163840.00
    1037.311     0.999995      6001136    187245.71
    1037.311     0.999995      6001136    218453.33
    1037.311     0.999996      6001136    262144.00
    1037.311     0.999997      6001136    291271.11
    1037.311     0.999997      6001136    327680.00
    1037.311     0.999997      6001136    374491.43
    1037.311     0.999998      6001136    436906.67
    1037.311     0.999998      6001136    524288.00
    1037.311     0.999998      6001136    582542.22
    1037.311     0.999998      6001136    655360.00
    1037.823     0.999999      6001145    748982.86
    1037.823     1.000000      6001145          inf
#[Mean    =      556.977, StdDeviation   =      211.892]
#[Max     =     1037.312, Total count    =      6001145]
#[Buckets =           27, SubBuckets     =         2048]
----------------------------------------------------------
  6548263 requests in 2.00m, 811.84MB read
Requests/sec:  54568.92
Transfer/sec:      6.77MB
