andriy@notebook:~/Projects/com/github/plokhotnyuk/play$ ./wrk -c50 -d1m -t4 -R98000 -L -v http://localhost:9000/json
wrk 4.0.0 [epoll] Copyright (C) 2012 Will Glozer
Running 1m test @ http://localhost:9000/json
  4 threads and 50 connections
  Thread calibration: mean lat.: 1.387ms, rate sampling interval: 10ms
  Thread calibration: mean lat.: 1.585ms, rate sampling interval: 10ms
  Thread calibration: mean lat.: 1.545ms, rate sampling interval: 10ms
  Thread calibration: mean lat.: 1.471ms, rate sampling interval: 10ms
  Thread Stats   Avg      Stdev     Max   +/- Stdev
    Latency     1.35ms    1.31ms  28.78ms   92.21%
    Req/Sec    25.87k     2.65k   54.00k    75.05%
  Latency Distribution (HdrHistogram - Recorded Latency)
 50.000%    1.07ms
 75.000%    1.63ms
 90.000%    2.41ms
 99.000%    6.05ms
 99.900%   16.02ms
 99.990%   22.11ms
 99.999%   25.41ms
100.000%   28.80ms

  Detailed Percentile spectrum:
       Value   Percentile   TotalCount 1/(1-Percentile)

       0.046     0.000000            1         1.00
       0.401     0.100000       489958         1.11
       0.575     0.200000       979183         1.25
       0.738     0.300000      1469219         1.43
       0.899     0.400000      1959031         1.67
       1.065     0.500000      2449062         2.00
       1.153     0.550000      2692421         2.22
       1.249     0.600000      2938686         2.50
       1.355     0.650000      3182286         2.86
       1.478     0.700000      3426488         3.33
       1.626     0.750000      3671925         4.00
       1.711     0.775000      3793383         4.44
       1.807     0.800000      3915316         5.00
       1.919     0.825000      4037965         5.71
       2.051     0.850000      4161211         6.67
       2.209     0.875000      4282274         8.00
       2.305     0.887500      4344341         8.89
       2.413     0.900000      4405647        10.00
       2.537     0.912500      4465907        11.43
       2.689     0.925000      4527031        13.33
       2.881     0.937500      4588467        16.00
       2.999     0.943750      4618731        17.78
       3.141     0.950000      4649635        20.00
       3.313     0.956250      4680156        22.86
       3.529     0.962500      4710663        26.67
       3.807     0.968750      4741128        32.00
       3.977     0.971875      4756417        35.56
       4.171     0.975000      4771751        40.00
       4.407     0.978125      4787169        45.71
       4.679     0.981250      4802264        53.33
       5.035     0.984375      4817690        64.00
       5.251     0.985938      4825271        71.11
       5.511     0.987500      4832895        80.00
       5.823     0.989062      4840553        91.43
       6.235     0.990625      4848155       106.67
       6.815     0.992188      4855805       128.00
       7.223     0.992969      4859599       142.22
       7.763     0.993750      4863431       160.00
       8.447     0.994531      4867257       182.86
       9.327     0.995313      4871076       213.33
      10.335     0.996094      4874905       256.00
      10.895     0.996484      4876804       284.44
      11.495     0.996875      4878721       320.00
      12.159     0.997266      4880648       365.71
      12.839     0.997656      4882552       426.67
      13.655     0.998047      4884458       512.00
      14.095     0.998242      4885420       568.89
      14.527     0.998437      4886372       640.00
      14.983     0.998633      4887327       731.43
      15.543     0.998828      4888288       853.33
      16.079     0.999023      4889229      1024.00
      16.431     0.999121      4889722      1137.78
      16.783     0.999219      4890206      1280.00
      17.167     0.999316      4890668      1462.86
      17.583     0.999414      4891145      1706.67
      18.159     0.999512      4891618      2048.00
      18.511     0.999561      4891861      2275.56
      18.831     0.999609      4892110      2560.00
      19.183     0.999658      4892337      2925.71
      19.647     0.999707      4892575      3413.33
      20.159     0.999756      4892815      4096.00
      20.447     0.999780      4892936      4551.11
      20.735     0.999805      4893053      5120.00
      21.055     0.999829      4893173      5851.43
      21.391     0.999854      4893293      6826.67
      21.743     0.999878      4893415      8192.00
      21.919     0.999890      4893474      9102.22
      22.175     0.999902      4893533     10240.00
      22.399     0.999915      4893592     11702.86
      22.687     0.999927      4893651     13653.33
      23.023     0.999939      4893714     16384.00
      23.167     0.999945      4893739     18204.44
      23.311     0.999951      4893770     20480.00
      23.519     0.999957      4893799     23405.71
      23.807     0.999963      4893828     27306.67
      24.111     0.999969      4893858     32768.00
      24.271     0.999973      4893873     36408.89
      24.463     0.999976      4893888     40960.00
      24.687     0.999979      4893904     46811.43
      24.815     0.999982      4893918     54613.33
      25.087     0.999985      4893934     65536.00
      25.135     0.999986      4893940     72817.78
      25.247     0.999988      4893948     81920.00
      25.375     0.999989      4893956     93622.86
      25.471     0.999991      4893963    109226.67
      25.615     0.999992      4893970    131072.00
      25.663     0.999993      4893975    145635.56
      25.807     0.999994      4893979    163840.00
      25.871     0.999995      4893981    187245.71
      25.983     0.999995      4893986    218453.33
      26.079     0.999996      4893989    262144.00
      26.175     0.999997      4893991    291271.11
      26.303     0.999997      4893993    327680.00
      26.463     0.999997      4893994    374491.43
      26.719     0.999998      4893996    436906.67
      27.071     0.999998      4893998    524288.00
      27.279     0.999998      4893999    582542.22
      27.359     0.999998      4894000    655360.00
      27.759     0.999999      4894001    748982.86
      28.047     0.999999      4894002    873813.33
      28.415     0.999999      4894003   1048576.00
      28.415     0.999999      4894003   1165084.44
      28.735     0.999999      4894005   1310720.00
      28.735     0.999999      4894005   1497965.71
      28.735     0.999999      4894005   1747626.67
      28.735     1.000000      4894005   2097152.00
      28.735     1.000000      4894005   2330168.89
      28.767     1.000000      4894006   2621440.00
      28.767     1.000000      4894006   2995931.43
      28.767     1.000000      4894006   3495253.33
      28.767     1.000000      4894006   4194304.00
      28.767     1.000000      4894006   4660337.78
      28.799     1.000000      4894007   5242880.00
      28.799     1.000000      4894007          inf
#[Mean    =        1.345, StdDeviation   =        1.305]
#[Max     =       28.784, Total count    =      4894007]
#[Buckets =           27, SubBuckets     =         2048]
----------------------------------------------------------
  5877084 requests in 1.00m, 2.15GB read
Requests/sec:  97952.25
Transfer/sec:     36.71MB
