andriy@notebook:~/Projects/com/github/plokhotnyuk/play$ ./wrk -c50 -d1m -t4 -R45000 -L -v -s src/test/lua/plaintextPost.lua http://localhost:9000/plaintext
wrk 4.0.0 [epoll] Copyright (C) 2012 Will Glozer
Running 1m test @ http://localhost:9000/plaintext
  4 threads and 50 connections
  Thread calibration: mean lat.: 1.552ms, rate sampling interval: 10ms
  Thread calibration: mean lat.: 1.527ms, rate sampling interval: 10ms
  Thread calibration: mean lat.: 1.550ms, rate sampling interval: 10ms
  Thread calibration: mean lat.: 1.532ms, rate sampling interval: 10ms
  Thread Stats   Avg      Stdev     Max   +/- Stdev
    Latency     1.57ms    1.32ms  37.31ms   92.44%
    Req/Sec    11.87k     1.35k   19.89k    78.39%
  Latency Distribution (HdrHistogram - Recorded Latency)
 50.000%    1.30ms
 75.000%    1.85ms
 90.000%    2.55ms
 99.000%    6.64ms
 99.900%   14.60ms
 99.990%   29.66ms
 99.999%   34.49ms
100.000%   37.34ms

  Detailed Percentile spectrum:
       Value   Percentile   TotalCount 1/(1-Percentile)

       0.109     0.000000            1         1.00
       0.598     0.100000       224719         1.11
       0.789     0.200000       450472         1.25
       0.960     0.300000       674638         1.43
       1.131     0.400000       899066         1.67
       1.305     0.500000      1123660         2.00
       1.396     0.550000      1236724         2.22
       1.492     0.600000      1348939         2.50
       1.597     0.650000      1461229         2.86
       1.714     0.700000      1572986         3.33
       1.852     0.750000      1685815         4.00
       1.930     0.775000      1741879         4.44
       2.016     0.800000      1797664         5.00
       2.115     0.825000      1854408         5.71
       2.227     0.850000      1910520         6.67
       2.363     0.875000      1966179         8.00
       2.447     0.887500      1994382         8.89
       2.545     0.900000      2022434        10.00
       2.667     0.912500      2050425        11.43
       2.829     0.925000      2078700        13.33
       3.061     0.937500      2106578        16.00
       3.221     0.943750      2120593        17.78
       3.419     0.950000      2134649        20.00
       3.665     0.956250      2148704        22.86
       3.951     0.962500      2162733        26.67
       4.291     0.968750      2176870        32.00
       4.479     0.971875      2183761        35.56
       4.691     0.975000      2190792        40.00
       4.931     0.978125      2197829        45.71
       5.219     0.981250      2204833        53.33
       5.575     0.984375      2211887        64.00
       5.791     0.985938      2215347        71.11
       6.055     0.987500      2218892        80.00
       6.387     0.989062      2222382        91.43
       6.815     0.990625      2225882       106.67
       7.387     0.992188      2229390       128.00
       7.763     0.992969      2231155       142.22
       8.191     0.993750      2232911       160.00
       8.695     0.994531      2234669       182.86
       9.263     0.995313      2236433       213.33
       9.959     0.996094      2238165       256.00
      10.375     0.996484      2239056       284.44
      10.823     0.996875      2239926       320.00
      11.343     0.997266      2240808       365.71
      11.895     0.997656      2241691       426.67
      12.535     0.998047      2242565       512.00
      12.887     0.998242      2243002       568.89
      13.271     0.998437      2243436       640.00
      13.671     0.998633      2243877       731.43
      14.111     0.998828      2244310       853.33
      14.679     0.999023      2244748      1024.00
      14.967     0.999121      2244972      1137.78
      15.295     0.999219      2245187      1280.00
      15.711     0.999316      2245407      1462.86
      16.135     0.999414      2245626      1706.67
      16.703     0.999512      2245848      2048.00
      17.055     0.999561      2245957      2275.56
      17.471     0.999609      2246066      2560.00
      18.223     0.999658      2246176      2925.71
      19.151     0.999707      2246284      3413.33
      20.911     0.999756      2246395      4096.00
      22.127     0.999780      2246449      4551.11
      23.407     0.999805      2246504      5120.00
      24.895     0.999829      2246559      5851.43
      27.407     0.999854      2246615      6826.67
      28.607     0.999878      2246669      8192.00
      29.039     0.999890      2246696      9102.22
      29.791     0.999902      2246723     10240.00
      30.719     0.999915      2246753     11702.86
      31.471     0.999927      2246779     13653.33
      31.919     0.999939      2246805     16384.00
      32.271     0.999945      2246819     18204.44
      32.447     0.999951      2246833     20480.00
      32.623     0.999957      2246849     23405.71
      32.863     0.999963      2246862     27306.67
      33.151     0.999969      2246876     32768.00
      33.343     0.999973      2246882     36408.89
      33.503     0.999976      2246888     40960.00
      33.727     0.999979      2246895     46811.43
      33.887     0.999982      2246901     54613.33
      34.111     0.999985      2246908     65536.00
      34.271     0.999986      2246912     72817.78
      34.335     0.999988      2246915     81920.00
      34.431     0.999989      2246919     93622.86
      34.687     0.999991      2246922    109226.67
      34.815     0.999992      2246925    131072.00
      34.975     0.999993      2246927    145635.56
      35.391     0.999994      2246929    163840.00
      35.519     0.999995      2246931    187245.71
      35.967     0.999995      2246932    218453.33
      36.191     0.999996      2246934    262144.00
      36.447     0.999997      2246935    291271.11
      36.543     0.999997      2246938    327680.00
      36.543     0.999997      2246938    374491.43
      36.543     0.999998      2246938    436906.67
      36.543     0.999998      2246938    524288.00
      36.703     0.999998      2246939    582542.22
      36.703     0.999998      2246939    655360.00
      36.991     0.999999      2246940    748982.86
      36.991     0.999999      2246940    873813.33
      36.991     0.999999      2246940   1048576.00
      37.215     0.999999      2246941   1165084.44
      37.215     0.999999      2246941   1310720.00
      37.215     0.999999      2246941   1497965.71
      37.215     0.999999      2246941   1747626.67
      37.215     1.000000      2246941   2097152.00
      37.343     1.000000      2246942   2330168.89
      37.343     1.000000      2246942          inf
#[Mean    =        1.566, StdDeviation   =        1.316]
#[Max     =       37.312, Total count    =      2246942]
#[Buckets =           27, SubBuckets     =         2048]
----------------------------------------------------------
  2698363 requests in 1.00m, 0.98GB read
Requests/sec:  44973.30
Transfer/sec:     16.64MB
