07:08:39 {master} ~/Projects/com/github/plokhotnyuk/play$ ./wrk -c50 -d1m -t4 -R30000 -L -v -s src/test/lua/jsonPost.lua http://localhost:9000/json
wrk 4.0.0 [epoll] Copyright (C) 2012 Will Glozer
Running 1m test @ http://localhost:9000/json
  4 threads and 50 connections
  Thread calibration: mean lat.: 1.550ms, rate sampling interval: 10ms
  Thread calibration: mean lat.: 1.590ms, rate sampling interval: 10ms
  Thread calibration: mean lat.: 1.564ms, rate sampling interval: 10ms
  Thread calibration: mean lat.: 1.566ms, rate sampling interval: 10ms
  Thread Stats   Avg      Stdev     Max   +/- Stdev
    Latency     1.80ms    1.90ms  40.64ms   94.84%
    Req/Sec     7.91k     0.93k   15.44k    83.96%
  Latency Distribution (HdrHistogram - Recorded Latency)
 50.000%    1.42ms
 75.000%    1.97ms
 90.000%    2.69ms
 99.000%   11.49ms
 99.900%   20.56ms
 99.990%   27.98ms
 99.999%   35.33ms
100.000%   40.67ms

  Detailed Percentile spectrum:
       Value   Percentile   TotalCount 1/(1-Percentile)

       0.134     0.000000            1         1.00
       0.682     0.100000       150217         1.11
       0.887     0.200000       300013         1.25
       1.067     0.300000       450315         1.43
       1.241     0.400000       599686         1.67
       1.419     0.500000       749049         2.00
       1.513     0.550000       824187         2.22
       1.612     0.600000       899004         2.50
       1.720     0.650000       974373         2.86
       1.838     0.700000      1048934         3.33
       1.973     0.750000      1123910         4.00
       2.049     0.775000      1161154         4.44
       2.135     0.800000      1199221         5.00
       2.231     0.825000      1236618         5.71
       2.345     0.850000      1273916         6.67
       2.489     0.875000      1311138         8.00
       2.579     0.887500      1329735         8.89
       2.689     0.900000      1348446        10.00
       2.827     0.912500      1367229        11.43
       3.015     0.925000      1385854        13.33
       3.297     0.937500      1404475        16.00
       3.503     0.943750      1413876        17.78
       3.787     0.950000      1423198        20.00
       4.195     0.956250      1432618        22.86
       4.815     0.962500      1441923        26.67
       5.731     0.968750      1451308        32.00
       6.331     0.971875      1455975        35.56
       7.019     0.975000      1460649        40.00
       7.759     0.978125      1465330        45.71
       8.583     0.981250      1470051        53.33
       9.471     0.984375      1474692        64.00
       9.983     0.985938      1477064        71.11
      10.503     0.987500      1479384        80.00
      11.111     0.989062      1481710        91.43
      11.767     0.990625      1484069       106.67
      12.543     0.992188      1486400       128.00
      12.975     0.992969      1487585       142.22
      13.439     0.993750      1488732       160.00
      13.983     0.994531      1489908       182.86
      14.567     0.995313      1491077       213.33
      15.263     0.996094      1492245       256.00
      15.655     0.996484      1492828       284.44
      16.103     0.996875      1493418       320.00
      16.607     0.997266      1493999       365.71
      17.215     0.997656      1494582       426.67
      17.967     0.998047      1495173       512.00
      18.351     0.998242      1495461       568.89
      18.847     0.998437      1495762       640.00
      19.327     0.998633      1496049       731.43
      19.919     0.998828      1496337       853.33
      20.639     0.999023      1496634      1024.00
      21.023     0.999121      1496780      1137.78
      21.407     0.999219      1496922      1280.00
      21.935     0.999316      1497071      1462.86
      22.511     0.999414      1497221      1706.67
      23.103     0.999512      1497362      2048.00
      23.391     0.999561      1497437      2275.56
      23.807     0.999609      1497507      2560.00
      24.223     0.999658      1497580      2925.71
      24.671     0.999707      1497655      3413.33
      25.215     0.999756      1497728      4096.00
      25.535     0.999780      1497765      4551.11
      25.983     0.999805      1497800      5120.00
      26.319     0.999829      1497836      5851.43
      26.847     0.999854      1497875      6826.67
      27.375     0.999878      1497910      8192.00
      27.679     0.999890      1497929      9102.22
      28.095     0.999902      1497947     10240.00
      28.527     0.999915      1497965     11702.86
      29.023     0.999927      1497983     13653.33
      29.519     0.999939      1498001     16384.00
      29.983     0.999945      1498010     18204.44
      30.239     0.999951      1498019     20480.00
      30.639     0.999957      1498028     23405.71
      31.183     0.999963      1498038     27306.67
      31.583     0.999969      1498047     32768.00
      31.935     0.999973      1498051     36408.89
      32.319     0.999976      1498056     40960.00
      32.895     0.999979      1498060     46811.43
      33.695     0.999982      1498065     54613.33
      34.399     0.999985      1498070     65536.00
      34.495     0.999986      1498072     72817.78
      34.943     0.999988      1498074     81920.00
      35.071     0.999989      1498076     93622.86
      35.647     0.999991      1498079    109226.67
      36.095     0.999992      1498081    131072.00
      36.223     0.999993      1498082    145635.56
      36.511     0.999994      1498083    163840.00
      36.543     0.999995      1498084    187245.71
      36.991     0.999995      1498086    218453.33
      37.631     0.999996      1498087    262144.00
      37.631     0.999997      1498087    291271.11
      37.791     0.999997      1498088    327680.00
      37.791     0.999997      1498088    374491.43
      38.239     0.999998      1498089    436906.67
      39.103     0.999998      1498090    524288.00
      39.103     0.999998      1498090    582542.22
      39.103     0.999998      1498090    655360.00
      39.103     0.999999      1498090    748982.86
      39.935     0.999999      1498091    873813.33
      39.935     0.999999      1498091   1048576.00
      39.935     0.999999      1498091   1165084.44
      39.935     0.999999      1498091   1310720.00
      39.935     0.999999      1498091   1497965.71
      40.671     0.999999      1498092   1747626.67
      40.671     1.000000      1498092          inf
#[Mean    =        1.804, StdDeviation   =        1.901]
#[Max     =       40.640, Total count    =      1498092]
#[Buckets =           27, SubBuckets     =         2048]
----------------------------------------------------------
  1799046 requests in 1.00m, 674.27MB read
Requests/sec:  29984.39
Transfer/sec:     11.24MB
