07:12:42 {master} ~/Projects/com/github/plokhotnyuk/play$ ./wrk -c50 -d1m -t4 -R65000 -L -v http://localhost:9000/plaintext
wrk 4.0.0 [epoll] Copyright (C) 2012 Will Glozer
Running 1m test @ http://localhost:9000/plaintext
  4 threads and 50 connections
  Thread calibration: mean lat.: 1.364ms, rate sampling interval: 10ms
  Thread calibration: mean lat.: 1.349ms, rate sampling interval: 10ms
  Thread calibration: mean lat.: 1.340ms, rate sampling interval: 10ms
  Thread calibration: mean lat.: 1.346ms, rate sampling interval: 10ms
  Thread Stats   Avg      Stdev     Max   +/- Stdev
    Latency     1.41ms    1.33ms  32.99ms   95.71%
    Req/Sec    17.15k     1.84k   33.89k    79.42%
  Latency Distribution (HdrHistogram - Recorded Latency)
 50.000%    1.22ms
 75.000%    1.73ms
 90.000%    2.27ms
 99.000%    7.26ms
 99.900%   16.70ms
 99.990%   27.57ms
 99.999%   30.56ms
100.000%   33.02ms

  Detailed Percentile spectrum:
       Value   Percentile   TotalCount 1/(1-Percentile)

       0.057     0.000000            1         1.00
       0.464     0.100000       325968         1.11
       0.678     0.200000       649814         1.25
       0.867     0.300000       974425         1.43
       1.044     0.400000      1299840         1.67
       1.218     0.500000      1623134         2.00
       1.309     0.550000      1787037         2.22
       1.403     0.600000      1948597         2.50
       1.503     0.650000      2110661         2.86
       1.612     0.700000      2273302         3.33
       1.734     0.750000      2435018         4.00
       1.802     0.775000      2516696         4.44
       1.875     0.800000      2597696         5.00
       1.955     0.825000      2678200         5.71
       2.045     0.850000      2759601         6.67
       2.149     0.875000      2841329         8.00
       2.207     0.887500      2881998         8.89
       2.271     0.900000      2922159        10.00
       2.343     0.912500      2962288        11.43
       2.427     0.925000      3002706        13.33
       2.529     0.937500      3043562        16.00
       2.589     0.943750      3063759        17.78
       2.655     0.950000      3083756        20.00
       2.735     0.956250      3104122        22.86
       2.831     0.962500      3124625        26.67
       2.957     0.968750      3144794        32.00
       3.041     0.971875      3154926        35.56
       3.143     0.975000      3164911        40.00
       3.291     0.978125      3175114        45.71
       3.535     0.981250      3185181        53.33
       4.247     0.984375      3195314        64.00
       5.011     0.985938      3200407        71.11
       5.847     0.987500      3205482        80.00
       6.711     0.989062      3210543        91.43
       7.623     0.990625      3215614       106.67
       8.607     0.992188      3220698       128.00
       9.111     0.992969      3223231       142.22
       9.671     0.993750      3225747       160.00
      10.279     0.994531      3228288       182.86
      10.935     0.995313      3230835       213.33
      11.639     0.996094      3233372       256.00
      12.015     0.996484      3234625       284.44
      12.463     0.996875      3235891       320.00
      12.967     0.997266      3237167       365.71
      13.495     0.997656      3238446       426.67
      14.135     0.998047      3239704       512.00
      14.503     0.998242      3240328       568.89
      14.959     0.998437      3240973       640.00
      15.463     0.998633      3241599       731.43
      16.079     0.998828      3242237       853.33
      16.799     0.999023      3242869      1024.00
      17.199     0.999121      3243181      1137.78
      17.695     0.999219      3243500      1280.00
      18.271     0.999316      3243815      1462.86
      18.943     0.999414      3244135      1706.67
      19.647     0.999512      3244459      2048.00
      19.999     0.999561      3244608      2275.56
      20.431     0.999609      3244768      2560.00
      20.927     0.999658      3244928      2925.71
      21.615     0.999707      3245086      3413.33
      22.655     0.999756      3245242      4096.00
      23.231     0.999780      3245323      4551.11
      23.951     0.999805      3245400      5120.00
      24.863     0.999829      3245480      5851.43
      25.807     0.999854      3245560      6826.67
      26.783     0.999878      3245637      8192.00
      27.231     0.999890      3245677      9102.22
      27.647     0.999902      3245717     10240.00
      28.047     0.999915      3245756     11702.86
      28.431     0.999927      3245799     13653.33
      28.783     0.999939      3245835     16384.00
      28.927     0.999945      3245857     18204.44
      29.119     0.999951      3245876     20480.00
      29.247     0.999957      3245895     23405.71
      29.407     0.999963      3245915     27306.67
      29.695     0.999969      3245934     32768.00
      29.823     0.999973      3245944     36408.89
      30.079     0.999976      3245956     40960.00
      30.175     0.999979      3245964     46811.43
      30.287     0.999982      3245974     54613.33
      30.431     0.999985      3245985     65536.00
      30.479     0.999986      3245989     72817.78
      30.527     0.999988      3245994     81920.00
      30.543     0.999989      3246000     93622.86
      30.591     0.999991      3246004    109226.67
      30.687     0.999992      3246009    131072.00
      30.719     0.999993      3246011    145635.56
      30.879     0.999994      3246014    163840.00
      31.167     0.999995      3246016    187245.71
      31.407     0.999995      3246019    218453.33
      31.807     0.999996      3246021    262144.00
      31.903     0.999997      3246022    291271.11
      32.351     0.999997      3246024    327680.00
      32.367     0.999997      3246025    374491.43
      32.559     0.999998      3246026    436906.67
      32.591     0.999998      3246029    524288.00
      32.591     0.999998      3246029    582542.22
      32.591     0.999998      3246029    655360.00
      32.591     0.999999      3246029    748982.86
      32.639     0.999999      3246030    873813.33
      32.639     0.999999      3246030   1048576.00
      32.687     0.999999      3246031   1165084.44
      32.687     0.999999      3246031   1310720.00
      32.687     0.999999      3246031   1497965.71
      32.895     0.999999      3246032   1747626.67
      32.895     1.000000      3246032   2097152.00
      32.895     1.000000      3246032   2330168.89
      32.895     1.000000      3246032   2621440.00
      32.895     1.000000      3246032   2995931.43
      33.023     1.000000      3246033   3495253.33
      33.023     1.000000      3246033          inf
#[Mean    =        1.411, StdDeviation   =        1.335]
#[Max     =       32.992, Total count    =      3246033]
#[Buckets =           27, SubBuckets     =         2048]
----------------------------------------------------------
  3898110 requests in 1.00m, 1.41GB read
Requests/sec:  64969.04
Transfer/sec:     24.04MB